1 0.774306 0.1375 0.170833 0.133333
1 0.601389 0.029861 0.091667 0.056944
1 0.588889 0.373611 0.105556 0.086111
1 0.552083 0.485417 0.109722 0.081944
1 0.572917 0.534722 0.118056 0.086111
1 0.452083 0.609028 0.0625 0.120833
1 0.590972 0.760417 0.115278 0.084722
1 0.584722 0.890278 0.069444 0.091667
3 0.572222 0.436111 0.125 0.075
3 0.711111 0.739583 0.061111 0.126389
3 0.615278 0.65625 0.108333 0.051389
3 0.438889 0.688889 0.061111 0.036111
0 0.514583 0.574306 0.070833 0.056944
3 0.449306 0.038194 0.051389 0.073611
3 0.621528 0.943056 0.048611 0.113889
