1 0.613889 0.031944 0.177778 0.061111
1 0.590278 0.120833 0.163889 0.105556
1 0.45625 0.124306 0.076389 0.0875
1 0.584722 0.307639 0.086111 0.115278
1 0.775694 0.456944 0.181944 0.130556
1 0.600694 0.704861 0.104167 0.0875
1 0.547222 0.8 0.119444 0.091667
1 0.452083 0.926389 0.054167 0.125
1 0.566667 0.847917 0.130556 0.073611
3 0.463194 0.322917 0.076389 0.1375
3 0.625 0.970833 0.097222 0.052778
3 0.515972 0.166667 0.076389 0.080556
0 0.539583 0.896528 0.156944 0.104167
3 0.575694 0.754167 0.106944 0.063889
