1 0.502083 0.773611 0.0875 0.144444
0 0.548611 0.256944 0.075 0.027778
0 0.659028 0.281944 0.031944 0.086111
0 0.690278 0.33125 0.063889 0.068056
3 0.635417 0.364583 0.076389 0.081944
3 0.445833 0.564583 0.077778 0.084722
3 0.715278 0.040972 0.055556 0.079167
3 0.628472 0.208333 0.045833 0.091667
1 0.598611 0.033333 0.119444 0.063889
1 0.5875 0.145139 0.069444 0.084722
1 0.579861 0.2875 0.134722 0.097222
1 0.634722 0.488194 0.086111 0.0875
1 0.446528 0.452778 0.134722 0.172222
1 0.544444 0.629167 0.147222 0.088889
