1 0.775694 0.070139 0.1625 0.1375
1 0.586111 0.300694 0.097222 0.093056
1 0.553472 0.413889 0.126389 0.077778
3 0.572917 0.363889 0.118056 0.055556
3 0.577083 0.463194 0.118056 0.068056
0 0.509028 0.497917 0.090278 0.056944
1 0.458333 0.540278 0.069444 0.1
1 0.589583 0.689583 0.104167 0.081944
1 0.580556 0.820833 0.072222 0.091667
1 0.577083 0.953472 0.129167 0.0875
3 0.70625 0.672222 0.059722 0.125
3 0.621528 0.588889 0.0875 0.047222
3 0.436111 0.61875 0.075 0.048611
0 0.528472 0.918056 0.106944 0.05
