1 0.554861 0.066667 0.1125 0.083333
1 0.461111 0.189583 0.047222 0.115278
1 0.444444 0.269444 0.080556 0.044444
3 0.713194 0.318056 0.0625 0.116667
1 0.571528 0.102778 0.115278 0.091667
3 0.623611 0.222222 0.083333 0.038889
1 0.595833 0.33125 0.116667 0.079167
1 0.584722 0.454167 0.063889 0.077778
0 0.536806 0.559722 0.115278 0.030556
0 0.648611 0.664583 0.127778 0.098611
1 0.588194 0.601389 0.120833 0.102778
3 0.613889 0.51875 0.052778 0.109722
3 0.63125 0.667361 0.059722 0.076389
1 0.434028 0.753472 0.129167 0.151389
3 0.454167 0.855556 0.066667 0.094444
1 0.638194 0.801389 0.0875 0.086111
