1 0.546528 0.018056 0.098611 0.033333
1 0.572222 0.038194 0.108333 0.073611
1 0.454167 0.103472 0.061111 0.109722
1 0.602083 0.25 0.109722 0.083333
1 0.596528 0.386111 0.059722 0.080556
0 0.536111 0.489583 0.116667 0.026389
0 0.670139 0.586111 0.126389 0.069444
3 0.715278 0.23125 0.069444 0.129167
3 0.616667 0.145139 0.086111 0.054167
3 0.619444 0.439583 0.047222 0.090278
1 0.590972 0.527778 0.115278 0.083333
3 0.625694 0.596528 0.068056 0.079167
1 0.636111 0.71875 0.094444 0.093056
1 0.445139 0.680556 0.1375 0.144444
1 0.483333 0.965972 0.061111 0.068056
1 0.546528 0.853472 0.118056 0.0875
3 0.45 0.788194 0.072222 0.090278
