1 0.590972 0.094444 0.109722 0.091667
1 0.548611 0.213194 0.102778 0.070833
1 0.570833 0.267361 0.111111 0.070833
1 0.465278 0.328472 0.052778 0.104167
1 0.600694 0.480556 0.104167 0.080556
1 0.586806 0.604861 0.073611 0.079167
1 0.438194 0.909028 0.159722 0.170833
1 0.628472 0.949306 0.076389 0.093056
1 0.576389 0.747222 0.122222 0.094444
3 0.713889 0.461111 0.061111 0.122222
3 0.621528 0.371528 0.079167 0.048611
3 0.440972 0.414583 0.0625 0.0375
3 0.586806 0.155556 0.129167 0.058333
3 0.629167 0.817361 0.069444 0.098611
0 0.53125 0.7125 0.115278 0.036111
