0 0.534722 0.660417 0.111111 0.026389
0 0.659722 0.770139 0.138889 0.093056
1 0.589583 0.047917 0.134722 0.093056
1 0.547222 0.159722 0.122222 0.088889
1 0.577083 0.209722 0.115278 0.094444
1 0.45625 0.276389 0.070833 0.1
1 0.596528 0.429861 0.093056 0.076389
1 0.5875 0.552778 0.063889 0.088889
1 0.439583 0.848611 0.1375 0.147222
1 0.6375 0.9 0.075 0.086111
1 0.577778 0.693056 0.119444 0.1
3 0.447222 0.3625 0.086111 0.041667
3 0.622917 0.315278 0.093056 0.061111
3 0.713889 0.411806 0.063889 0.126389
3 0.579861 0.105556 0.123611 0.063889
3 0.629167 0.761806 0.080556 0.084722
3 0.463194 0.95 0.090278 0.091667
3 0.616667 0.604167 0.069444 0.111111
