1 0.492361 0.904167 0.095833 0.161111
1 0.443056 0.590278 0.116667 0.15
1 0.545139 0.770139 0.098611 0.095833
1 0.630556 0.630556 0.075 0.091667
1 0.601389 0.164583 0.097222 0.0875
1 0.458333 0.040972 0.058333 0.079167
1 0.589583 0.29375 0.051389 0.081944
1 0.586806 0.429861 0.1125 0.093056
3 0.451389 0.695833 0.075 0.086111
0 0.54375 0.402778 0.0875 0.030556
0 0.65625 0.441667 0.043056 0.075
0 0.661111 0.511111 0.138889 0.097222
3 0.625694 0.506944 0.073611 0.086111
3 0.618056 0.353472 0.052778 0.095833
3 0.715278 0.152778 0.058333 0.138889
3 0.615278 0.054167 0.080556 0.041667
