1 0.786806 0.328472 0.173611 0.151389
1 0.577778 0.165972 0.102778 0.123611
1 0.633333 0.027778 0.075 0.052778
1 0.58125 0.556944 0.1125 0.080556
1 0.55 0.667361 0.133333 0.081944
1 0.575694 0.711806 0.120833 0.084722
1 0.459722 0.788194 0.052778 0.118056
1 0.585417 0.949306 0.115278 0.101389
3 0.447222 0.208333 0.086111 0.119444
3 0.723611 0.927083 0.063889 0.126389
0 0.525 0.747222 0.127778 0.102778
3 0.622222 0.8375 0.1 0.05
3 0.450694 0.875 0.101389 0.047222
3 0.584028 0.613889 0.095833 0.072222
