1 0.545139 0.029861 0.098611 0.056944
1 0.571528 0.080556 0.104167 0.083333
1 0.461806 0.145139 0.056944 0.1125
1 0.603472 0.298611 0.098611 0.077778
1 0.589583 0.423611 0.068056 0.080556
1 0.583333 0.560417 0.113889 0.0875
0 0.545139 0.529861 0.0875 0.031944
0 0.645139 0.6375 0.134722 0.127778
3 0.709028 0.289583 0.065278 0.134722
3 0.613194 0.197222 0.093056 0.036111
3 0.446528 0.227778 0.056944 0.038889
3 0.440278 0.722917 0.133333 0.148611
3 0.447917 0.822917 0.079167 0.090278
1 0.633333 0.766667 0.077778 0.086111
1 0.531944 0.527083 0.102778 0.034722
3 0.631944 0.639583 0.080556 0.084722
