1 0.442361 0.440972 0.129167 0.168056
1 0.5375 0.608333 0.133333 0.094444
1 0.496528 0.761111 0.084722 0.141667
1 0.580556 0.281944 0.113889 0.111111
1 0.58125 0.126389 0.084722 0.086111
1 0.611806 0.033333 0.115278 0.063889
3 0.709028 0.04375 0.054167 0.084722
3 0.615972 0.183333 0.054167 0.086111
3 0.627778 0.340278 0.069444 0.102778
3 0.446528 0.54375 0.076389 0.090278
1 0.641667 0.473611 0.077778 0.091667
0 0.536806 0.241667 0.109722 0.038889
0 0.665278 0.284028 0.038889 0.1125
0 0.66875 0.336111 0.093056 0.055556
