1 0.595833 0.065278 0.102778 0.075
1 0.546528 0.179167 0.123611 0.080556
1 0.570139 0.227778 0.098611 0.075
1 0.461111 0.295139 0.044444 0.106944
1 0.5875 0.442361 0.111111 0.076389
1 0.590972 0.567361 0.068056 0.084722
1 0.584028 0.714583 0.115278 0.0875
1 0.434722 0.871528 0.133333 0.143056
1 0.636111 0.915278 0.088889 0.091667
3 0.626389 0.781944 0.063889 0.083333
0 0.64375 0.796528 0.143056 0.101389
3 0.719444 0.427083 0.063889 0.120833
3 0.61875 0.335417 0.090278 0.045833
3 0.438889 0.370139 0.047222 0.034722
3 0.575 0.111111 0.125 0.075
3 0.447222 0.957639 0.097222 0.084722
0 0.538194 0.675 0.106944 0.038889
