1 0.589583 0.204861 0.1125 0.084722
1 0.546528 0.325 0.098611 0.083333
1 0.573611 0.372222 0.111111 0.086111
1 0.45625 0.438889 0.056944 0.113889
1 0.595139 0.590278 0.118056 0.077778
1 0.581944 0.711806 0.075 0.090278
3 0.614583 0.765278 0.054167 0.102778
0 0.5375 0.826389 0.094444 0.027778
3 0.620139 0.486806 0.0875 0.048611
3 0.717361 0.575694 0.070833 0.118056
3 0.433333 0.527083 0.055556 0.031944
1 0.588889 0.861806 0.125 0.081944
1 0.424306 0.969444 0.1125 0.061111
3 0.620139 0.9375 0.0875 0.088889
