1 0.5875 0.080556 0.086111 0.080556
1 0.552778 0.193056 0.119444 0.086111
1 0.577083 0.248611 0.118056 0.069444
1 0.4625 0.313889 0.058333 0.122222
1 0.592361 0.456944 0.118056 0.072222
1 0.586806 0.584722 0.076389 0.088889
1 0.43125 0.882639 0.131944 0.154167
1 0.629167 0.93125 0.069444 0.093056
1 0.586111 0.734722 0.122222 0.094444
3 0.581944 0.140278 0.133333 0.058333
3 0.715278 0.445833 0.052778 0.130556
3 0.6125 0.35625 0.102778 0.048611
3 0.435417 0.392361 0.054167 0.045833
3 0.619444 0.642361 0.058333 0.115278
3 0.631944 0.800694 0.088889 0.084722
3 0.4625 0.963194 0.080556 0.065278
0 0.545833 0.693056 0.108333 0.047222
0 0.676389 0.801389 0.113889 0.072222
